[header.jpg]
filters=autocolor=1;autolight=1;enhance=1;finetune2=1,0.017544,0.002807,0.000000,00000000,0.555556;radblur=1,0.486381,0.505848,1.000000,-0.555556;Vignette=1,11.695907,1.000000,0.000000,00000000;sat=1,0.134503;
moddate=11360d9bcb80d101
width=650
height=433
textactive=0
